69
185
197
272
444
511
716
748
762
833
902
1187
1237
1264
1265
1268
1277
1280
1282
1286
1292
1294
1296
1301
1302
1305
1306
1317
1322
1335
1338
1343
1346
1347
1350
1355
1367
1372
1380
1384
1387
1395
1396
1400
1401
1405
1408
1413
1416
1420
1433
1441
1445
1449
1450
1453
1457
1458
1467
1471
1529
1533
1536
1537
1541
1545
1549
1552
1556
1560
1561
1565
1569
1572
1574
1575
1578
1589
1590
1593
1594
1603
1606
1607
1610
1616
1618
1622
1627
1628
1631
1634
1644
1646
1648
1654
1659
1660
1661
1662
1664
1665
1669
1675
1684
1689
1693
1694
1696
1697
1698
1709
1712
1717
1722
1723
1726
1731
1734
1735
1737
1743
1750
1759
1768
1771
1775
1781
1784
1785
1787
1795
1797
1799
1800
1801
1805
1807
1808
1817
1820
1821
1827
1828
1831
1833
1843
1849
1850
1851
1853
1866
1867
1874
1877
1879
1885
1889
1893
1894
1895
1896
1900
1903
1906
1911
1914
1916
1917
1919
1925
1927
1928
1929
1932
1940
1941
1950
1956
1959
1960
1963
1966
1967
1969
1971
1974
1977
1978
1979
1983
1991
1995
1998
1999
2002
2003
2007
2008
2009